1,1,212.0,325.0,54.0,25.0,1,2,1,-1
1,2,276.0,295.0,59.0,44.0,1,1,1,-1
1,3,707.27,102.39,25.2,39.3,1,2,1,-1
1,4,696.0,248.0,39.0,37.0,1,1,1,-1
1,5,79.0,337.0,32.0,28.0,1,2,1,-1
1,6,679.0,177.0,18.0,20.0,1,2,1,-1
1,7,1.0,246.0,42.0,37.0,1,3,1,-1
1,8,763.0,161.0,41.0,36.0,1,3,1,-1
1,9,177.0,349.0,36.0,35.0,1,3,1,-1
1,10,381.6,60.9,17.2,19.8,1,2,1,-1
1,11,304.3,94.1,38.2,27.9,1,3,1,-1
1,12,172.9,306.5,29.6,24.7,1,2,1,-1
1,13,117.0,303.0,45.0,39.0,1,2,1,-1
1,14,648.8,273.6,33.8,40.8,1,2,1,-1
1,15,780.36,101.68,19.5,18.0,1,2,1,-1
2,5,149.0,334.0,32.0,26.0,1,2,1,-1
2,9,235.0,350.0,36.0,31.0,1,3,1,-1
2,14,725.0,273.0,41.0,36.0,1,2,1,-1
2,3,798.6,101.2,26.1,36.8,1,2,1,-1
2,12,240.3,301.65,28.23,24.05,1,2,1,-1
2,13,178.0,301.0,53.0,42.0,1,2,1,-1
2,1,278.0,309.0,51.0,37.0,1,2,1,-1
2,2,355.0,305.0,47.0,32.0,1,1,1,-1
2,15,890.04,95.17,18.3,21.4,1,2,1,-1
2,8,869.0,159.0,41.0,36.0,1,3,1,-1
2,6,789.0,174.0,22.0,23.0,1,2,1,-1
2,20,1070.0,216.0,18.0,16.0,1,3,1,-1
2,7,74.0,250.0,19.0,19.0,1,2,1,-1
2,10,455.3,51.2,16.7,19.5,1,2,1,-1
2,4,791.0,244.0,44.0,41.0,1,2,1,-1
3,24,401.97,141.81,34.99,32.11,1,3,1,-1
3,13,238.0,303.0,51.0,44.0,1,2,1,-1
3,8,938.0,165.0,41.0,37.0,1,3,1,-1
3,25,304.0,304.0,25.0,23.0,1,2,1,-1
3,9,290.0,352.0,37.0,32.0,1,3,1,-1
3,10,502.9,53.2,36.2,32.8,1,3,1,-1
3,4,858.0,250.0,40.0,36.0,1,2,1,-1
3,3,855.52,106.72,30.12,39.48,1,2,1,-1
3,2,401.73,314.64,53.39,27.13,1,1,1,-1
3,14,780.0,277.0,39.0,32.0,1,2,1,-1
3,1,340.0,309.0,49.0,40.0,1,2,1,-1
3,12,340.0,309.0,49.0,40.0,1,2,1,-1
3,6,867.0,181.0,21.0,21.0,1,2,1,-1
3,36,223.0,337.0,30.0,26.0,1,2,1,-1
3,7,123.5,241.0,56.5,40.5,1,3,1,-1
4,10,507.96,94.86,30.9,26.3,1,3,1,-1
4,13,277.0,337.0,30.0,28.0,1,2,1,-1
4,14,831.0,275.0,40.0,33.0,1,2,1,-1
4,4,915.0,246.0,46.0,39.0,1,2,1,-1
4,1,386.0,308.0,47.0,41.0,1,2,1,-1
4,25,280.0,303.0,53.0,46.0,1,2,1,-1
4,6,936.0,178.0,22.0,19.0,1,2,1,-1
4,30,188.0,249.0,27.0,23.0,1,2,1,-1
4,15,1023.37,101.02,24.8,20.9,1,2,1,-1
4,15,908.67,103.6,33.2,37.42,1,2,1,-1
4,28,548.33,49.47,39.59,34.92,1,3,1,-1
4,2,441.73,307.57,52.71,34.21,1,1,1,-1
4,12,349.0,303.0,26.0,24.0,1,2,1,-1
4,8,1001.0,162.0,40.0,37.0,1,3,1,-1
4,9,329.0,352.0,37.0,32.0,1,3,1,-1
4,24,439.45,128.79,53.05,41.47,1,3,1,-1
4,32,1.25,293.54,54.08,40.95,1,1,1,-1
5,25,325.0,305.0,51.0,28.0,1,2,1,-1
5,13,333.0,340.0,30.0,26.0,1,2,1,-1
5,12,396.0,304.0,26.0,25.0,1,2,1,-1
5,6,1004.0,177.0,21.0,20.0,1,2,1,-1
5,8,1060.0,161.0,39.0,37.0,1,3,1,-1
5,9,371.0,353.0,36.0,33.0,1,3,1,-1
5,10,552.24,90.4,32.5,28.39,1,3,1,-1
5,24,485.9,126.9,44.7,42.2,1,3,1,-1
5,32,32.68,293.92,59.4,45.48,1,1,1,-1
5,28,591.69,45.96,37.3,34.4,1,3,1,-1
5,2,484.0,293.0,51.0,46.0,1,1,1,-1
5,1,432.0,309.0,47.0,41.0,1,2,1,-1
5,14,875.0,275.0,41.0,30.0,1,2,1,-1
5,40,238.0,250.0,27.0,23.0,1,2,1,-1
5,41,355.0,27.75,16.0,13.2,1,2,1,-1
5,42,379.51,61.67,18.2,16.0,1,2,1,-1
5,43,1031.83,69.65,15.2,12.4,1,2,1,-1
5,44,960.71,101.21,30.84,36.72,1,2,1,-1
5,45,1080.2,98.5,21.7,20.4,1,2,1,-1
5,4,972.0,245.0,47.0,38.0,1,2,1,-1
6,9,425.0,357.0,34.0,28.0,1,3,1,-1
6,10,610.0,88.0,32.0,29.0,1,3,1,-1
6,25,381.0,306.0,46.0,37.0,1,2,1,-1
6,14,928.0,275.0,45.0,32.0,1,2,1,-1
6,12,455.0,303.0,26.0,26.0,1,2,1,-1
6,20,1123.0,164.0,40.0,37.0,1,3,1,-1
6,2,544.0,285.0,50.0,54.0,1,1,1,-1
6,13,405.1,338.2,26.0,24.0,1,2,1,-1
6,28,643.21,47.32,39.48,35.61,1,3,1,-1
6,11,552.48,139.32,38.03,31.01,1,3,1,-1
6,24,512.56,63.7,19.56,30.12,1,3,1,-1
6,32,84.84,288.53,57.02,49.56,1,1,1,-1
6,40,304.0,250.0,27.0,22.0,1,2,1,-1
6,1,488.0,308.0,46.0,42.0,1,2,1,-1
6,15,1011.0,103.9,41.9,38.1,1,2,1,-1
6,4,1036.0,246.0,47.9,39.0,1,2,1,-1
6,47,1074.0,180.0,23.0,18.0,1,1,1,-1
6,48,994.0,75.0,25.0,17.0,1,3,1,-1
7,48,1023.07,73.28,28.9,17.5,1,3,1,-1
7,15,1069.24,104.61,33.0,33.8,1,2,1,-1
7,8,1179.0,161.0,41.0,35.0,1,3,1,-1
7,9,478.0,358.0,29.0,26.0,1,3,1,-1
7,6,1136.5,174.03,22.6,16.79,1,2,1,-1
7,2,594.0,284.0,59.0,52.0,1,1,1,-1
7,14,975.0,270.0,48.0,33.0,1,2,1,-1
7,30,127.0,290.0,57.0,46.0,1,2,1,-1
7,25,430.0,302.0,47.0,44.0,1,2,1,-1
7,1,540.0,305.0,49.0,41.0,1,2,1,-1
7,4,1095.0,241.0,46.0,37.0,1,2,1,-1
7,12,507.0,298.0,31.0,28.0,1,2,1,-1
7,10,607.41,136.9,36.36,30.0,1,3,1,-1
7,13,467.0,335.0,27.0,28.0,1,2,1,-1
7,40,365.0,247.0,27.0,22.0,1,2,1,-1
7,28,668.56,92.77,30.4,26.2,1,3,1,-1
7,49,7.0,142.0,45.0,31.0,1,3,1,-1
7,50,63.0,302.0,35.0,36.0,1,3,1,-1
7,51,17.0,238.0,44.0,43.0,1,3,1,-1
7,52,706.56,53.17,15.6,19.7,1,2,1,-1
8,10,649.79,130.38,39.81,31.7,1,3,1,-1
8,52,745.4,42.9,18.5,22.9,1,2,1,-1
8,48,1051.12,66.86,30.6,18.7,1,3,1,-1
8,6,1194.82,167.32,22.3,17.6,1,2,1,-1
8,50,98.49,298.39,39.2,37.9,1,3,1,-1
8,14,1019.0,262.0,47.0,34.0,1,2,1,-1
8,2,635.0,277.0,57.0,53.0,1,1,1,-1
8,30,163.0,285.0,57.0,47.0,1,2,1,-1
8,25,473.0,298.0,45.0,42.0,1,2,1,-1
8,4,1144.0,232.0,50.0,38.0,1,2,1,-1
8,1,586.0,300.0,44.0,41.0,1,2,1,-1
8,12,552.0,294.0,29.0,27.0,1,2,1,-1
8,51,14.41,216.94,41.4,32.0,1,3,1,-1
8,40,412.0,240.0,27.0,25.0,1,2,1,-1
8,13,522.0,330.0,23.0,23.0,1,2,1,-1
8,8,1226.0,153.0,43.0,34.0,1,3,1,-1
8,49,41.0,137.0,48.0,31.0,1,3,1,-1
8,9,507.0,352.0,37.0,28.0,1,3,1,-1
8,28,713.0,85.0,31.0,23.0,1,3,1,-1
8,53,1114.9,96.7,31.4,34.7,1,2,1,-1
8,54,1247.3,96.8,21.0,15.5,1,2,1,-1
8,55,1134.43,65.12,17.3,15.6,1,2,1,-1
8,56,589.73,67.89,15.1,13.7,1,2,1,-1
8,57,522.65,82.82,27.0,21.6,1,3,1,-1
8,58,486.16,59.19,16.3,13.2,1,2,1,-1
8,59,51.0,234.0,45.0,43.0,1,3,1,-1
9,15,1180.62,93.1,35.9,36.11,1,2,1,-1
9,36,218.0,282.0,54.0,47.0,1,2,1,-1
9,25,529.0,293.0,46.0,46.0,1,2,1,-1
9,4,1218.0,231.0,52.0,37.0,1,2,1,-1
9,1,645.0,297.0,46.0,42.0,1,2,1,-1
9,14,1083.0,260.0,51.0,34.0,1,2,1,-1
9,12,614.0,291.0,30.0,29.0,1,2,1,-1
9,13,592.0,325.0,27.0,29.0,1,2,1,-1
9,30,158.0,308.0,29.0,22.0,1,2,1,-1
9,40,479.0,237.0,28.0,24.0,1,2,1,-1
9,59,103.0,230.0,45.0,43.0,1,3,1,-1
9,49,97.0,130.0,47.0,32.0,1,3,1,-1
9,51,17.0,105.0,42.0,34.0,1,3,1,-1
9,28,777.0,79.0,33.0,23.0,1,3,1,-1
9,9,562.0,342.0,35.0,36.0,1,3,1,-1
9,10,711.87,125.76,43.89,31.63,1,3,1,-1
9,48,1095.1,62.4,29.6,20.1,1,3,1,-1
9,2,698.0,275.0,55.0,53.0,1,1,1,-1
9,60,791.8,35.02,41.2,32.5,1,3,1,-1
10,10,771.01,103.16,50.9,34.5,1,3,1,-1
10,12,672.2,279.1,28.2,26.1,1,2,1,-1
10,28,843.78,53.87,38.1,30.3,1,3,1,-1
10,60,853.84,8.23,45.5,38.9,1,3,1,-1
10,49,124.0,109.0,51.0,34.0,1,3,1,-1
10,50,126.0,217.0,50.0,45.0,1,3,1,-1
10,30,187.0,300.0,29.0,20.0,1,2,1,-1
10,13,660.0,315.0,27.0,28.0,1,2,1,-1
10,40,538.0,219.0,30.0,27.0,1,2,1,-1
10,14,1148.0,245.0,58.0,34.0,1,2,1,-1
10,1,700.0,284.0,48.0,44.0,1,2,1,-1
10,25,579.0,281.0,49.0,47.0,1,2,1,-1
10,2,754.0,262.0,58.0,54.0,1,1,1,-1
10,48,1141.78,44.99,29.7,19.7,1,3,1,-1
10,36,246.31,270.0,58.19,57.8,1,2,1,-1
10,59,91.3,196.4,42.7,33.4,1,3,1,-1
10,9,611.0,334.0,38.0,35.0,1,3,1,-1
10,51,38.0,83.0,45.0,37.0,1,3,1,-1
10,61,681.1,35.4,21.5,26.7,1,3,1,-1
10,62,1240.84,41.09,20.4,16.0,1,2,1,-1
10,63,1238.75,83.89,33.0,24.3,1,3,1,-1
11,50,150.08,193.44,43.92,35.85,1,3,1,-1
11,2,804.0,261.0,63.0,53.0,1,1,1,-1
11,36,304.0,270.0,55.0,49.0,1,2,1,-1
11,25,635.0,280.0,50.0,45.0,1,2,1,-1
11,1,761.0,283.0,43.0,43.0,1,2,1,-1
11,40,608.0,216.0,28.0,25.0,1,2,1,-1
11,59,184.0,215.0,47.0,46.0,1,3,1,-1
11,13,731.0,311.0,25.0,26.0,1,2,1,-1
11,51,95.0,78.0,45.0,38.0,1,3,1,-1
11,49,184.0,105.0,51.0,34.0,1,3,1,-1
11,9,664.0,331.0,38.0,35.0,1,3,1,-1
11,14,1195.0,243.0,67.6,34.0,1,2,1,-1
11,48,1170.46,43.98,32.4,20.4,1,3,1,-1
11,10,831.2,102.0,48.5,34.1,1,3,1,-1
11,28,902.1,52.0,39.2,27.9,1,3,1,-1
11,12,731.26,277.13,34.1,23.7,1,2,1,-1
11,64,920.72,11.63,17.5,22.5,1,2,1,-1
11,65,867.9,76.6,16.4,18.8,1,2,1,-1
11,66,241.6,283.09,39.75,42.68,1,3,1,-1
11,67,725.2,33.4,23.0,27.0,1,2,1,-1
12,36,383.0,267.0,57.0,49.0,1,2,1,-1
12,59,241.96,188.21,44.8,32.3,1,3,1,-1
12,25,725.0,282.0,56.0,46.0,1,2,1,-1
12,9,750.0,335.0,38.0,35.0,1,3,1,-1
12,49,276.0,98.0,52.0,35.0,1,3,1,-1
12,13,848.0,316.0,25.0,26.0,1,2,1,-1
12,12,866.0,288.0,30.0,34.0,1,2,1,-1
12,40,717.0,218.0,30.0,26.0,1,2,1,-1
12,1,833.0,282.0,29.0,26.0,1,2,1,-1
12,48,1233.58,53.65,32.39,20.7,1,3,1,-1
12,60,999.11,10.91,45.8,34.3,1,3,1,-1
12,10,921.77,104.81,56.8,34.5,1,3,1,-1
12,28,893.6,43.8,36.7,37.2,1,3,1,-1
12,2,892.0,264.0,67.0,54.0,1,1,1,-1
12,67,759.47,33.66,18.86,21.31,1,2,1,-1
12,51,180.86,70.06,50.7,42.2,1,3,1,-1
12,66,270.96,210.61,50.6,47.6,1,3,1,-1
12,68,383.0,267.0,57.0,50.0,1,2,1,-1
12,69,330.58,280.9,37.0,39.4,1,2,1,-1
13,51,255.0,72.0,41.0,37.0,1,3,1,-1
13,9,800.0,338.0,38.0,35.0,1,3,1,-1
13,1,894.0,287.0,29.0,24.0,1,2,1,-1
13,13,919.0,321.0,24.0,26.0,1,2,1,-1
13,2,950.0,269.0,64.0,50.0,1,1,1,-1
13,59,309.12,191.94,42.36,31.92,1,3,1,-1
13,49,347.0,102.0,52.0,35.0,1,3,1,-1
13,25,780.0,286.0,59.0,46.0,1,2,1,-1
13,40,792.0,223.0,30.0,26.0,1,2,1,-1
13,10,991.26,109.15,50.69,34.7,1,3,1,-1
13,28,939.91,50.51,43.8,35.3,1,3,1,-1
13,60,1055.0,18.0,45.0,31.0,1,3,1,-1
13,70,20.37,51.25,31.5,25.3,1,2,1,-1
13,71,389.19,284.67,36.7,39.0,1,3,1,-1
13,72,331.68,225.66,48.84,37.08,1,3,1,-1
13,73,139.47,35.75,23.5,15.3,1,2,1,-1
13,74,437.0,270.0,58.0,54.0,1,1,1,-1
13,75,919.78,289.73,38.76,31.32,1,1,1,-1
14,73,195.7,30.3,24.7,20.4,1,2,1,-1
14,75,979.72,288.6,28.08,30.24,1,1,1,-1
14,13,993.8,319.92,25.4,23.0,1,2,1,-1
14,74,500.0,269.0,55.0,51.0,1,1,1,-1
14,1,956.8,285.6,24.36,25.44,1,2,1,-1
14,25,840.0,289.0,59.0,42.0,1,2,1,-1
14,60,1124.42,64.18,41.5,26.7,1,3,1,-1
14,55,1123.6,22.7,20.2,22.1,1,2,1,-1
14,71,452.51,283.05,38.76,40.56,1,3,1,-1
14,68,409.92,231.38,20.8,19.2,1,2,1,-1
14,51,319.0,71.0,44.0,37.2,1,3,1,-1
14,9,856.0,337.0,36.0,32.0,1,3,1,-1
14,2,1009.0,267.0,62.0,53.0,1,1,1,-1
14,40,864.0,224.0,31.0,26.0,1,2,1,-1
14,70,76.0,46.0,31.1,28.0,1,2,1,-1
14,49,415.0,100.0,52.0,35.0,1,3,1,-1
14,76,1056.0,116.0,21.0,20.0,1,2,1,-1
14,77,385.0,198.0,19.0,17.0,1,2,1,-1
15,25,900.0,288.0,66.0,41.0,1,2,1,-1
15,68,459.0,197.0,18.0,17.0,1,2,1,-1
15,51,396.3,72.0,44.7,36.0,1,3,1,-1
15,1,1021.79,282.69,32.83,24.36,1,2,1,-1
15,10,1108.93,112.61,60.72,32.1,1,3,1,-1
15,60,1185.4,67.5,40.25,24.92,1,3,1,-1
15,55,1179.46,28.62,20.4,21.7,1,2,1,-1
15,9,914.0,332.0,36.0,35.0,1,3,1,-1
15,70,152.2,44.92,28.2,27.11,1,2,1,-1
15,73,267.4,31.2,26.0,20.5,1,2,1,-1
15,71,520.4,281.0,38.28,40.68,1,3,1,-1
15,59,462.54,223.58,48.38,35.57,1,3,1,-1
15,2,1070.0,267.0,63.0,47.0,1,1,1,-1
15,40,941.0,222.0,32.0,26.0,1,2,1,-1
15,13,1071.0,311.0,26.0,27.0,1,2,1,-1
15,49,491.0,101.0,50.0,35.0,1,3,1,-1
15,74,566.0,268.0,51.0,52.0,1,1,1,-1
15,78,1038.4,286.49,36.78,30.41,1,2,1,-1
16,40,1005.0,214.0,33.0,26.0,1,2,1,-1
16,2,1118.0,260.0,60.0,40.0,1,1,1,-1
16,70,189.57,33.61,31.6,28.61,1,2,1,-1
16,74,619.0,264.0,47.0,51.0,1,1,1,-1
16,59,513.3,217.74,49.1,36.43,1,3,1,-1
16,71,572.83,277.74,40.65,40.44,1,3,1,-1
16,51,465.0,62.0,32.0,35.0,1,3,1,-1
16,1,1090.0,288.0,31.0,24.0,1,2,1,-1
16,73,312.0,22.0,19.0,18.0,1,2,1,-1
16,25,952.0,283.0,69.8,38.0,1,2,1,-1
16,9,960.0,328.0,38.0,32.0,1,3,1,-1
16,49,546.0,92.0,51.0,36.0,1,3,1,-1
16,78,1076.35,275.98,34.2,24.3,1,2,1,-1
16,13,1127.2,303.3,34.9,27.2,1,2,1,-1
16,10,1153.16,107.12,59.28,32.04,1,3,1,-1
16,55,1216.41,25.53,22.5,19.0,1,2,1,-1
16,68,512.0,190.0,22.3,18.3,1,2,1,-1
17,28,1132.16,50.37,26.29,23.1,1,3,1,-1
17,70,258.2,27.8,31.6,28.2,1,2,1,-1
17,59,580.99,210.01,49.5,41.11,1,3,1,-1
17,71,641.56,274.77,41.64,42.86,1,3,1,-1
17,13,1197.83,302.14,31.59,27.8,1,2,1,-1
17,9,1016.0,326.0,38.0,35.0,1,3,1,-1
17,49,619.0,89.0,47.0,37.0,1,3,1,-1
17,51,529.0,58.0,43.0,39.0,1,3,1,-1
17,68,584.0,187.0,19.0,18.0,1,2,1,-1
17,40,1078.0,214.0,32.0,25.0,1,2,1,-1
17,74,688.0,264.0,42.0,48.0,1,1,1,-1
17,78,1014.0,285.0,67.0,36.0,1,2,1,-1
17,25,1013.0,285.0,67.0,36.0,1,2,1,-1
17,2,1171.0,260.0,63.0,45.0,1,1,1,-1
17,10,1206.08,108.16,58.92,32.34,1,3,1,-1
17,73,374.5,16.52,22.2,21.48,1,2,1,-1
17,1,1134.7,272.8,45.3,47.0,1,2,1,-1
17,79,1244.72,20.93,26.2,26.5,1,3,1,-1
18,13,1256.02,301.21,23.9,28.8,1,2,1,-1
18,70,324.23,26.69,30.07,27.64,1,2,1,-1
18,73,435.24,17.1,23.67,23.84,1,2,1,-1
18,68,653.0,187.0,16.0,16.0,1,2,1,-1
18,59,645.44,213.31,48.0,36.8,1,3,1,-1
18,71,706.4,273.3,39.5,40.2,1,3,1,-1
18,51,597.0,59.0,45.0,36.0,1,3,1,-1
18,2,1213.0,260.0,66.0,47.0,1,1,1,-1
18,78,1063.0,287.0,74.3,33.0,1,2,1,-1
18,40,1141.0,215.0,32.0,24.0,1,2,1,-1
18,1,1205.0,290.0,22.0,16.0,1,2,1,-1
18,28,1161.54,53.7,33.0,22.6,1,3,1,-1
18,49,686.0,90.0,50.0,35.0,1,3,1,-1
18,9,1065.0,325.0,37.0,34.0,1,3,1,-1
18,74,746.0,263.0,44.0,47.0,1,1,1,-1
18,80,1189.49,275.29,31.54,26.5,1,2,1,-1
19,9,1132.0,327.0,36.0,33.0,1,3,1,-1
19,74,822.0,263.0,46.0,46.0,1,1,1,-1
19,68,738.0,184.0,18.0,19.0,1,2,1,-1
19,51,684.0,56.0,51.0,35.0,1,3,1,-1
19,70,405.25,18.13,32.34,29.23,1,2,1,-1
19,73,516.14,10.39,20.32,24.26,1,2,1,-1
19,71,785.27,273.39,40.65,39.81,1,3,1,-1
19,25,1135.0,289.0,77.9,32.0,1,2,1,-1
19,59,726.0,213.9,47.2,34.1,1,3,1,-1
19,40,1229.0,219.0,28.0,22.0,1,2,1,-1
19,49,774.0,87.0,51.0,37.0,1,3,1,-1
19,81,450.0,81.0,30.0,27.0,1,3,1,-1
20,70,512.34,17.36,28.5,31.7,1,2,1,-1
20,68,841.0,190.0,20.0,19.0,1,2,1,-1
20,51,793.0,63.0,55.0,36.0,1,3,1,-1
20,9,1210.0,337.0,37.0,35.0,1,3,1,-1
20,81,543.0,81.0,36.0,36.0,1,3,1,-1
20,49,881.0,94.0,52.0,37.0,1,3,1,-1
20,74,919.0,269.0,46.0,45.0,1,1,1,-1
20,25,1223.25,300.4,56.48,34.34,1,2,1,-1
20,71,882.48,279.61,41.89,42.92,1,3,1,-1
20,59,824.6,207.92,47.76,50.16,1,3,1,-1
20,73,613.8,12.6,21.8,24.7,1,2,1,-1
20,82,1084.69,0.66,17.71,15.69,1,2,1,-1
20,83,28.17,111.86,43.03,39.74,1,2,1,-1
21,83,90.86,116.04,45.54,45.79,1,2,1,-1
21,82,1124.6,7.2,16.0,15.5,1,2,1,-1
21,68,913.0,197.0,21.0,19.0,1,2,1,-1
21,51,870.0,72.0,57.0,35.0,1,3,1,-1
21,59,890.98,214.64,40.0,48.91,1,3,1,-1
21,71,948.58,286.81,41.73,39.12,1,3,1,-1
21,49,955.0,103.0,45.0,36.0,1,3,1,-1
21,73,688.57,19.45,19.62,23.1,1,2,1,-1
21,9,1255.0,344.0,24.0,27.0,1,3,1,-1
21,70,592.78,26.85,26.63,29.14,1,2,1,-1
21,84,617.6,94.0,23.5,27.3,1,2,1,-1
21,85,983.0,275.0,44.0,40.0,1,2,1,-1
22,59,962.8,219.22,39.81,47.9,1,3,1,-1
22,71,1020.23,289.93,40.85,39.82,1,3,1,-1
22,82,1172.45,15.16,19.0,16.4,1,2,1,-1
22,70,680.0,33.0,20.0,22.0,1,2,1,-1
22,68,989.0,201.0,24.0,20.0,1,2,1,-1
22,78,1057.0,281.0,40.0,31.0,1,2,1,-1
22,49,1031.0,109.0,48.0,35.0,1,3,1,-1
22,51,947.0,78.0,62.0,35.0,1,3,1,-1
22,84,690.0,98.2,24.4,24.6,1,2,1,-1
22,73,764.7,24.5,20.1,19.8,1,2,1,-1
22,86,71.35,72.22,21.9,19.66,1,2,1,-1
22,87,34.03,108.06,41.8,29.61,1,2,1,-1
22,88,167.81,114.76,37.33,41.82,1,2,1,-1
23,84,762.36,103.21,27.07,24.05,1,2,1,-1
23,88,245.67,116.16,42.2,46.55,1,2,1,-1
23,89,169.1,74.4,19.1,21.9,1,2,1,-1
23,86,75.78,37.25,25.58,23.38,1,2,1,-1
23,59,1035.0,230.0,38.0,39.0,1,3,1,-1
23,87,120.76,107.9,41.48,29.89,1,2,1,-1
23,73,844.38,31.39,19.2,21.7,1,2,1,-1
23,71,1088.92,293.61,41.65,41.13,1,3,1,-1
23,80,1124.56,282.36,38.52,38.52,1,2,1,-1
23,68,1068.0,208.0,19.0,17.0,1,2,1,-1
23,82,1222.69,24.57,17.7,16.5,1,2,1,-1
23,51,1027.0,86.0,61.0,34.0,1,3,1,-1
23,70,765.18,35.09,23.7,31.3,1,2,1,-1
23,49,1107.0,118.0,43.0,33.0,1,3,1,-1
24,89,304.1,50.4,27.4,27.1,1,2,1,-1
24,87,250.44,75.97,19.73,23.33,1,2,1,-1
24,82,1252.65,29.93,22.1,15.9,1,2,1,-1
24,89,150.57,39.35,23.9,21.9,1,2,1,-1
24,49,1159.0,123.0,41.0,33.0,1,3,1,-1
24,59,1084.0,229.0,36.0,41.0,1,3,1,-1
24,51,1083.0,92.0,59.0,33.0,1,3,1,-1
24,80,1170.0,288.0,36.0,27.0,1,2,1,-1
24,71,1134.77,294.63,40.03,38.15,1,3,1,-1
24,73,903.57,37.53,19.7,16.5,1,2,1,-1
24,70,830.88,42.28,24.3,27.7,1,2,1,-1
24,84,817.08,106.88,28.1,25.8,1,2,1,-1
24,68,1119.0,211.0,19.0,18.0,1,2,1,-1
24,90,200.61,112.69,37.73,27.36,1,2,1,-1
24,91,26.09,351.73,29.95,24.19,1,2,1,-1
24,88,309.05,119.05,45.5,48.1,1,2,1,-1
25,82,1260.1,46.3,17.9,15.0,1,2,1,-1
25,71,1164.5,297.6,35.4,34.4,1,3,1,-1
25,91,108.0,360.0,33.0,22.0,1,2,1,-1
25,90,289.0,128.0,29.0,23.0,1,2,1,-1
25,68,1148.0,218.0,18.0,17.0,1,2,1,-1
25,51,1113.0,106.0,57.0,33.0,1,3,1,-1
25,59,1114.0,233.0,34.0,41.0,1,3,1,-1
25,49,1183.0,137.0,39.0,30.0,1,3,1,-1
25,80,1191.6,286.25,36.43,35.53,1,2,1,-1
25,73,944.72,55.09,17.86,17.42,1,2,1,-1
25,70,883.46,61.91,22.32,27.51,1,2,1,-1
25,84,863.58,118.85,24.04,24.19,1,2,1,-1
25,87,375.82,64.26,24.24,26.76,1,2,1,-1
25,89,338.74,91.26,19.44,21.0,1,2,1,-1
25,93,377.42,132.32,42.18,43.89,1,2,1,-1
25,94,231.48,51.95,22.19,22.81,1,2,1,-1
25,95,1.28,354.44,29.4,28.68,1,3,1,-1
26,90,374.0,130.0,28.0,27.0,1,2,1,-1
26,73,1000.47,63.1,17.84,19.08,1,2,1,-1
26,84,920.07,126.22,27.0,23.04,1,2,1,-1
26,91,201.0,359.0,33.0,21.0,1,2,1,-1
26,68,1204.0,225.0,17.0,16.0,1,2,1,-1
26,51,1167.0,117.0,54.0,30.0,1,3,1,-1
26,59,1168.0,239.0,32.0,39.0,1,3,1,-1
26,49,1233.0,147.0,38.0,29.0,1,3,1,-1
26,93,445.7,136.44,37.12,46.66,1,2,1,-1
26,87,451.96,72.04,19.92,23.76,1,2,1,-1
26,95,81.76,353.05,35.59,30.59,1,3,1,-1
26,70,946.41,67.41,23.23,26.55,1,2,1,-1
26,71,1216.9,302.9,34.8,34.4,1,3,1,-1
26,80,1241.52,294.94,33.7,29.03,1,2,1,-1
26,96,81.33,289.73,46.28,47.03,1,3,1,-1
26,97,191.46,307.09,20.16,20.45,1,2,1,-1
26,98,427.0,97.36,20.4,19.44,1,2,1,-1
26,99,318.92,59.48,20.04,20.76,1,2,1,-1
26,100,145.93,343.72,36.98,31.62,1,2,1,-1
27,100,228.09,332.63,44.79,40.31,1,2,1,-1
27,87,535.84,76.78,21.24,18.36,1,2,1,-1
27,84,988.8,136.05,25.5,19.49,1,2,1,-1
27,70,1024.93,83.2,23.51,21.12,1,2,1,-1
27,73,1069.52,75.92,20.76,16.08,1,2,1,-1
27,96,185.28,290.33,42.86,30.58,1,3,1,-1
27,95,166.13,353.28,36.08,30.61,1,3,1,-1
27,89,421.51,64.41,18.91,21.9,1,2,1,-1
27,91,298.0,359.0,30.0,23.0,1,2,1,-1
27,90,474.0,138.0,25.0,23.0,1,2,1,-1
27,51,1233.0,129.0,46.0,30.0,1,3,1,-1
27,59,1228.0,245.0,30.0,42.0,1,3,1,-1
27,101,184.57,39.42,15.14,14.1,1,2,1,-1
27,102,532.4,104.19,18.24,18.72,1,2,1,-1
27,103,524.6,140.72,37.08,46.56,1,2,1,-1
27,104,289.8,307.25,22.9,22.64,1,2,1,-1
28,73,1121.9,71.4,19.8,15.1,1,2,1,-1
28,70,1083.92,79.85,22.0,20.3,1,2,1,-1
28,94,229.45,38.04,15.5,13.7,1,2,1,-1
28,91,357.0,357.0,29.0,22.0,1,2,1,-1
28,103,535.0,132.0,26.0,25.0,1,2,1,-1
28,95,223.0,352.0,32.0,28.0,1,3,1,-1
28,104,275.7,327.0,38.0,43.0,1,2,1,-1
28,100,351.19,303.91,19.0,17.6,1,2,1,-1
28,89,484.33,61.01,19.3,19.91,1,2,1,-1
28,90,578.48,136.92,35.0,42.5,1,2,1,-1
28,87,599.0,99.8,18.1,19.1,1,2,1,-1
28,105,826.4,64.6,25.2,27.2,1,2,1,-1
28,106,0.78,242.34,33.84,54.24,1,3,1,-1
28,107,251.0,288.0,37.0,25.0,1,3,1,-1
29,89,537.2,45.1,17.8,18.7,1,2,1,-1
29,103,587.0,119.0,27.0,26.0,1,2,1,-1
29,91,401.0,353.0,31.0,26.0,1,2,1,-1
29,73,1180.1,60.8,15.4,12.7,1,2,1,-1
29,70,1143.8,67.4,20.4,20.9,1,2,1,-1
29,84,1093.2,117.4,24.4,21.0,1,2,1,-1
29,105,861.01,52.21,28.7,29.4,1,2,1,-1
29,87,659.0,84.0,16.0,18.0,1,2,1,-1
29,100,397.74,299.53,20.04,19.44,1,2,1,-1
29,104,306.63,329.5,43.17,40.8,1,2,1,-1
29,106,0.8,234.3,63.0,65.5,1,3,1,-1
29,95,259.0,351.0,34.0,31.0,1,3,1,-1
29,96,298.0,283.0,38.0,29.0,1,3,1,-1
29,108,247.1,13.9,31.2,24.7,1,3,1,-1
30,100,493.77,295.57,19.7,19.08,1,2,1,-1
30,91,495.0,349.0,32.0,28.0,1,2,1,-1
30,95,342.0,346.0,41.0,35.0,1,3,1,-1
30,93,682.0,112.0,29.0,29.0,1,2,1,-1
30,73,1255.66,64.59,17.6,12.8,1,2,1,-1
30,89,632.5,37.7,17.9,17.1,1,2,1,-1
30,87,725.58,54.49,22.8,26.8,1,2,1,-1
30,106,72.7,226.95,73.45,64.14,1,3,1,-1
30,70,1225.26,70.19,26.3,19.2,1,2,1,-1
30,109,412.0,289.0,18.0,17.0,1,2,1,-1
30,110,759.98,78.67,18.87,21.36,1,2,1,-1
30,111,81.0,304.0,61.0,47.0,1,2,1,-1
30,112,386.0,318.0,39.3,46.0,1,2,1,-1
30,113,2.1,262.6,37.0,26.4,1,2,1,-1
30,114,1178.21,134.93,21.8,26.1,1,3,1,-1
31,109,438.0,317.0,41.0,50.1,1,2,1,-1
31,91,562.0,348.0,30.0,28.0,1,2,1,-1
31,87,828.2,77.4,20.6,23.0,1,2,1,-1
31,99,353.04,0.87,32.7,28.8,1,2,1,-1
31,96,472.3,279.0,41.7,32.1,1,3,1,-1
31,100,563.0,294.0,17.0,18.6,1,2,1,-1
31,97,143.0,302.8,62.0,50.2,1,2,1,-1
31,93,748.0,113.0,28.0,27.0,1,2,1,-1
31,95,403.0,345.0,33.0,32.0,1,3,1,-1
31,89,698.7,36.7,19.3,18.7,1,2,1,-1
31,106,141.5,227.38,73.09,63.79,1,3,1,-1
31,110,783.44,54.62,22.2,24.0,1,2,1,-1
31,113,57.97,264.32,39.45,25.34,1,2,1,-1
32,95,460.0,340.0,36.0,29.0,1,3,1,-1
32,93,814.0,99.0,28.0,30.0,1,2,1,-1
32,91,629.0,341.0,31.0,29.0,1,2,1,-1
32,97,198.0,298.0,62.0,51.0,1,2,1,-1
32,109,491.0,313.0,46.0,48.4,1,2,1,-1
32,96,544.1,266.6,42.9,37.7,1,3,1,-1
32,87,900.24,65.5,21.24,24.36,1,2,1,-1
32,110,839.95,42.27,26.76,26.88,1,2,1,-1
32,89,765.5,24.8,18.1,18.0,1,2,1,-1
32,100,630.33,286.11,20.39,20.22,1,2,1,-1
32,106,203.06,218.31,73.75,67.49,1,3,1,-1
32,113,107.7,257.2,39.4,28.5,1,2,1,-1
32,115,6.92,140.96,40.68,56.04,1,3,1,-1
32,116,19.95,288.22,56.59,56.88,1,3,1,-1
33,97,258.0,302.0,59.0,49.0,1,2,1,-1
33,116,60.0,143.0,38.0,55.6,1,3,1,-1
33,96,610.6,269.0,44.4,35.6,1,3,1,-1
33,100,688.77,286.65,18.6,19.6,1,2,1,-1
33,110,888.0,47.0,24.0,23.0,1,2,1,-1
33,89,820.21,27.44,20.1,18.09,1,2,1,-1
33,109,537.5,311.1,45.5,50.0,1,2,1,-1
33,95,515.0,341.0,35.0,29.0,1,3,1,-1
33,115,0.84,108.41,43.14,29.68,1,3,1,-1
33,107,87.07,292.24,52.99,61.06,1,3,1,-1
33,113,165.69,262.0,38.16,27.36,1,2,1,-1
33,91,686.0,341.0,31.0,27.0,1,2,1,-1
33,93,866.0,102.0,30.0,31.0,1,2,1,-1
33,117,103.93,65.06,28.42,34.21,1,3,1,-1
33,118,272.29,220.65,70.71,67.19,1,3,1,-1
33,119,443.16,1.33,27.0,20.91,1,3,1,-1
33,120,952.0,59.0,38.0,34.0,1,3,1,-1
34,97,340.0,300.0,56.0,53.0,1,2,1,-1
34,95,597.0,343.0,37.0,30.0,1,3,1,-1
34,96,674.88,283.98,39.81,52.05,1,3,1,-1
34,115,45.0,104.0,51.0,30.0,1,3,1,-1
34,100,781.88,288.71,17.28,16.71,1,2,1,-1
34,119,498.94,0.53,26.3,20.8,1,3,1,-1
34,106,362.54,220.82,71.06,64.8,1,3,1,-1
34,113,242.26,260.0,39.6,31.1,1,2,1,-1
34,118,176.45,291.42,54.09,60.82,1,3,1,-1
34,116,161.8,57.54,34.55,35.86,1,3,1,-1
34,93,950.0,98.0,31.0,32.0,1,2,1,-1
34,110,954.8,44.7,28.8,25.9,1,2,1,-1
34,89,902.31,24.54,21.5,20.2,1,2,1,-1
34,91,777.0,341.0,32.0,31.0,1,2,1,-1
34,107,13.0,180.6,44.2,46.4,1,3,1,-1
34,109,606.0,310.8,48.0,34.2,1,2,1,-1
34,117,124.0,139.0,42.0,62.1,1,3,1,-1
34,121,712.08,268.51,46.41,37.5,1,3,1,-1
34,122,1039.74,54.9,36.7,38.2,1,3,1,-1
34,123,436.0,349.0,24.0,11.0,1,1,1,-1
35,96,749.32,287.92,44.58,49.77,1,3,1,-1
35,122,1119.0,65.0,30.0,32.0,1,3,1,-1
35,95,677.0,343.0,36.0,31.0,1,3,1,-1
35,121,807.0,271.0,44.0,34.0,1,3,1,-1
35,115,111.0,104.0,71.0,29.0,1,3,1,-1
35,91,858.0,343.0,31.0,31.0,1,2,1,-1
35,107,42.02,148.07,41.8,49.52,1,3,1,-1
35,117,101.49,179.17,44.79,43.8,1,3,1,-1
35,108,242.73,60.76,29.76,34.56,1,3,1,-1
35,113,333.04,260.26,31.73,31.73,1,2,1,-1
35,106,460.4,220.32,69.59,67.48,1,3,1,-1
35,119,560.7,4.75,22.61,18.57,1,3,1,-1
35,93,1026.0,106.0,29.0,32.0,1,2,1,-1
35,100,865.37,292.37,20.91,19.18,1,2,1,-1
35,105,975.19,118.66,45.53,50.51,1,2,1,-1
35,89,979.02,32.72,21.12,22.56,1,2,1,-1
35,110,1022.6,52.7,26.0,24.5,1,2,1,-1
35,109,675.0,316.0,46.0,25.0,1,2,1,-1
35,97,428.0,301.0,52.0,51.0,1,2,1,-1
35,124,204.73,140.78,48.02,54.74,1,3,1,-1
35,125,280.02,290.82,55.0,55.58,1,3,1,-1
36,117,139.0,145.0,33.0,48.0,1,3,1,-1
36,91,945.0,348.0,33.0,29.0,1,2,1,-1
36,97,582.0,236.0,35.0,32.0,1,2,1,-1
36,109,747.0,318.0,47.0,29.0,1,2,1,-1
36,89,1072.3,46.1,19.0,20.8,1,2,1,-1
36,105,1048.09,128.29,41.56,48.77,1,2,1,-1
36,112,518.0,302.0,52.0,51.0,1,2,1,-1
36,93,1112.0,115.8,34.9,31.2,1,2,1,-1
36,124,202.0,175.7,38.7,46.3,1,3,1,-1
36,96,830.0,291.8,44.7,51.2,1,3,1,-1
36,122,1200.03,77.7,43.78,38.73,1,3,1,-1
36,110,1102.3,63.0,26.4,24.8,1,2,1,-1
36,108,328.48,62.59,30.07,31.97,1,3,1,-1
36,125,299.0,140.67,43.17,55.99,1,3,1,-1
36,119,636.3,9.7,18.8,13.3,1,3,1,-1
36,121,903.75,276.69,47.0,38.32,1,3,1,-1
36,95,766.0,346.0,33.0,27.0,1,3,1,-1
36,115,232.0,102.0,45.0,30.0,1,3,1,-1
36,113,424.0,260.0,32.0,28.0,1,2,1,-1
36,126,388.84,289.77,50.53,60.55,1,3,1,-1
37,105,1111.42,132.84,43.3,43.3,1,2,1,-1
37,113,510.0,261.0,32.0,28.0,1,2,1,-1
37,97,679.0,238.0,36.0,32.0,1,2,1,-1
37,109,811.0,319.0,50.0,37.0,1,2,1,-1
37,93,1188.0,119.3,34.9,34.7,1,2,1,-1
37,124,296.0,178.1,39.1,43.9,1,3,1,-1
37,115,325.5,102.0,45.8,31.9,1,3,1,-1
37,121,998.91,277.83,48.97,41.5,1,3,1,-1
37,119,700.26,13.46,20.6,11.6,1,3,1,-1
37,95,843.0,346.0,35.0,28.0,1,3,1,-1
37,117,231.0,144.0,32.0,47.0,1,3,1,-1
37,91,1027.0,348.0,32.0,28.0,1,2,1,-1
37,126,490.25,290.87,51.66,59.1,1,3,1,-1
37,125,383.7,141.49,42.48,59.61,1,3,1,-1
37,108,410.0,66.0,32.0,29.0,1,3,1,-1
37,112,603.0,303.0,52.0,50.0,1,2,1,-1
37,127,911.0,303.0,33.0,33.0,1,2,1,-1
38,126,557.67,293.76,54.25,58.97,1,3,1,-1
38,124,349.0,178.1,40.0,44.9,1,3,1,-1
38,93,1211.4,114.9,42.5,33.1,1,2,1,-1
38,108,449.2,67.0,33.8,27.2,1,3,1,-1
38,115,375.2,104.0,36.8,32.9,1,3,1,-1
38,105,1137.25,127.09,47.09,49.25,1,2,1,-1
38,121,1052.2,272.7,51.1,36.1,1,3,1,-1
38,119,729.87,10.82,18.1,14.9,1,3,1,-1
38,125,430.09,141.96,43.15,58.48,1,3,1,-1
38,95,891.0,343.0,37.0,28.0,1,3,1,-1
38,117,282.0,150.0,33.0,45.0,1,3,1,-1
38,91,1079.0,342.0,31.0,28.0,1,2,1,-1
38,113,565.0,261.0,32.0,31.0,1,2,1,-1
38,127,956.0,298.0,34.0,33.0,1,2,1,-1
38,97,739.0,237.0,37.0,33.0,1,2,1,-1
38,109,858.0,315.0,47.0,42.0,1,2,1,-1
38,128,657.0,302.0,52.0,50.0,1,1,1,-1
39,113,693.0,259.0,33.0,32.0,1,2,1,-1
39,100,1206.0,352.0,31.0,26.0,1,2,1,-1
39,125,556.82,135.3,39.82,57.23,1,3,1,-1
39,127,960.0,319.0,55.0,47.0,1,2,1,-1
39,112,782.0,304.0,54.0,49.0,1,2,1,-1
39,117,416.0,140.0,37.0,48.0,1,3,1,-1
39,95,1011.0,348.0,39.0,26.0,1,3,1,-1
39,115,509.0,102.0,39.0,26.0,1,3,1,-1
39,91,1075.0,302.0,34.0,36.0,1,2,1,-1
39,108,563.18,61.26,40.0,29.34,1,3,1,-1
39,124,488.0,171.8,44.0,47.4,1,3,1,-1
39,97,885.0,241.0,39.0,32.0,1,2,1,-1
39,93,1237.22,137.81,42.51,45.1,1,2,1,-1
39,121,1189.23,282.18,55.73,37.44,1,3,1,-1
39,126,717.04,290.5,49.42,58.58,1,3,1,-1
39,129,979.37,241.16,43.79,62.2,1,1,1,-1
39,130,834.19,10.81,15.1,14.4,1,3,1,-1
40,129,1026.79,237.57,45.29,59.47,1,1,1,-1
40,108,634.9,57.07,34.94,31.43,1,3,1,-1
40,127,1010.0,318.0,57.0,47.0,1,2,1,-1
40,97,962.0,239.0,40.0,32.0,1,2,1,-1
40,113,761.0,260.0,34.0,33.0,1,2,1,-1
40,124,565.0,177.0,46.0,37.0,1,3,1,-1
40,117,490.0,138.0,38.0,48.0,1,3,1,-1
40,91,1130.0,300.0,32.0,35.0,1,2,1,-1
40,112,851.0,302.0,55.0,51.0,1,2,1,-1
40,109,1010.0,318.0,57.0,46.0,1,2,1,-1
40,125,625.75,135.8,39.32,56.98,1,3,1,-1
40,126,801.43,289.33,51.01,56.77,1,3,1,-1
40,95,1070.84,346.06,42.05,30.36,1,3,1,-1
40,131,884.3,9.26,14.6,13.0,1,3,1,-1
41,96,1197.0,353.0,41.0,29.0,1,3,1,-1
41,125,748.18,126.46,38.88,59.62,1,3,1,-1
41,124,700.0,162.4,47.0,47.2,1,3,1,-1
41,108,748.8,46.0,34.2,29.0,1,3,1,-1
41,109,1002.0,309.0,43.0,48.0,1,2,1,-1
41,115,717.0,82.0,39.0,34.0,1,3,1,-1
41,117,617.0,124.0,41.0,52.0,1,3,1,-1
41,127,963.0,305.0,38.0,33.0,1,2,1,-1
41,91,1141.0,323.0,39.0,50.0,1,2,1,-1
41,132,539.49,135.31,23.76,24.96,1,2,1,-1
41,133,26.0,335.12,36.6,22.44,1,2,1,-1
41,134,883.0,259.0,37.0,33.0,1,2,1,-1
41,135,1117.0,241.0,42.0,33.0,1,2,1,-1
